1000	0.929424	0.929424	0.929424	0.929424	0.929424	0.929424	0.929424	0.929424
995	0.929559	0.929559	0.929559	0.929559	0.929559	0.929559	0.929559	0.929559
990	0.92946	0.92946	0.92946	0.92946	0.92946	0.92946	0.92946	0.92946
985	0.929519	0.929519	0.929519	0.929519	0.929519	0.929519	0.929519	0.929519
980	0.92885	0.92885	0.92885	0.92885	0.92885	0.92885	0.92885	0.92885
975	0.928857	0.928857	0.928857	0.928857	0.928857	0.928857	0.928857	0.928857
970	0.928821	0.928821	0.928821	0.928821	0.928821	0.928821	0.928821	0.928821
965	0.928661	0.928661	0.928661	0.928661	0.928661	0.928661	0.928661	0.928661
960	0.928587	0.928587	0.928587	0.928587	0.928587	0.928587	0.928587	0.928587
955	0.928718	0.928718	0.928718	0.928718	0.928718	0.928718	0.928718	0.928718
950	0.928858	0.928858	0.928858	0.928858	0.928858	0.928858	0.928858	0.928858
945	0.928659	0.928659	0.928659	0.928659	0.928659	0.928659	0.928659	0.928659
940	0.928613	0.928613	0.928613	0.928613	0.928613	0.928613	0.928613	0.928613
935	0.928564	0.928564	0.928564	0.928564	0.928564	0.928564	0.928564	0.928564
930	0.928696	0.928696	0.928696	0.928696	0.928696	0.928696	0.928696	0.928696
925	0.928964	0.928964	0.928964	0.928964	0.928964	0.928964	0.928964	0.928964
920	0.928967	0.928967	0.928967	0.928967	0.928967	0.928967	0.928967	0.928967
915	0.929002	0.929002	0.929002	0.929002	0.929002	0.929002	0.929002	0.929002
910	0.928879	0.928879	0.928879	0.928879	0.928879	0.928879	0.928879	0.928879
905	0.928834	0.928834	0.928834	0.928834	0.928834	0.928834	0.928834	0.928834
900	0.929026	0.929026	0.929026	0.929026	0.929026	0.929026	0.929026	0.929026
895	0.929085	0.929085	0.929085	0.929085	0.929085	0.929085	0.929085	0.929085
890	0.928861	0.928861	0.928861	0.928861	0.928861	0.928861	0.928861	0.928861
885	0.928805	0.928805	0.928805	0.928805	0.928805	0.928805	0.928805	0.928805
880	0.92892	0.92892	0.92892	0.92892	0.92892	0.92892	0.92892	0.92892
875	0.928876	0.928876	0.928876	0.928876	0.928876	0.928876	0.928876	0.928876
870	0.928779	0.928779	0.928779	0.928779	0.928779	0.928779	0.928779	0.928779
865	0.928704	0.928704	0.928704	0.928704	0.928704	0.928704	0.928704	0.928704
860	0.928424	0.928424	0.928424	0.928424	0.928424	0.928424	0.928424	0.928424
855	0.928174	0.928174	0.928174	0.928174	0.928174	0.928174	0.928174	0.928174
850	0.927628	0.927628	0.927628	0.927628	0.927628	0.927628	0.927628	0.927628
845	0.928776	0.928776	0.928776	0.928776	0.928776	0.928776	0.928776	0.928776
840	0.928857	0.928857	0.928857	0.928857	0.928857	0.928857	0.928857	0.928857
835	0.928772	0.928772	0.928772	0.928772	0.928772	0.928772	0.928772	0.928772
830	0.928632	0.928632	0.928632	0.928632	0.928632	0.928632	0.928632	0.928632
825	0.928646	0.928646	0.928646	0.928646	0.928646	0.928646	0.928646	0.928646
820	0.928422	0.928422	0.928422	0.928422	0.928422	0.928422	0.928422	0.928422
815	0.928253	0.928253	0.928253	0.928253	0.928253	0.928253	0.928253	0.928253
810	0.928007	0.928007	0.928007	0.928007	0.928007	0.928007	0.928007	0.928007
805	0.927856	0.927856	0.927856	0.927856	0.927856	0.927856	0.927856	0.927856
800	0.927725	0.927725	0.927725	0.927725	0.927725	0.927725	0.927725	0.927725
795	0.927775	0.927775	0.927775	0.927775	0.927775	0.927775	0.927775	0.927775
790	0.927556	0.927556	0.927556	0.927556	0.927556	0.927556	0.927556	0.927556
785	0.927731	0.927731	0.927731	0.927731	0.927731	0.927731	0.927731	0.927731
780	0.927814	0.927814	0.927814	0.927814	0.927814	0.927814	0.927814	0.927814
775	0.927785	0.927785	0.927785	0.927785	0.927785	0.927785	0.927785	0.927785
770	0.927909	0.927909	0.927909	0.927909	0.927909	0.927909	0.927909	0.927909
765	0.927859	0.927859	0.927859	0.927859	0.927859	0.927859	0.927859	0.927859
760	0.927863	0.927863	0.927863	0.927863	0.927863	0.927863	0.927863	0.927863
755	0.927936	0.927936	0.927936	0.927936	0.927936	0.927936	0.927936	0.927936
750	0.927816	0.927816	0.927816	0.927816	0.927816	0.927816	0.927816	0.927816
745	0.928166	0.928166	0.928166	0.928166	0.928166	0.928166	0.928166	0.928166
740	0.927986	0.927986	0.927986	0.927986	0.927986	0.927986	0.927986	0.927986
735	0.927958	0.927958	0.927958	0.927958	0.927958	0.927958	0.927958	0.927958
730	0.927692	0.927692	0.927692	0.927692	0.927692	0.927692	0.927692	0.927692
725	0.92781	0.92781	0.92781	0.92781	0.92781	0.92781	0.92781	0.92781
720	0.927607	0.927607	0.927607	0.927607	0.927607	0.927607	0.927607	0.927607
715	0.92766	0.92766	0.92766	0.92766	0.92766	0.92766	0.92766	0.92766
710	0.92766	0.92766	0.92766	0.92766	0.92766	0.92766	0.92766	0.92766
705	0.927555	0.927555	0.927555	0.927555	0.927555	0.927555	0.927555	0.927555
700	0.927415	0.927415	0.927415	0.927415	0.927415	0.927415	0.927415	0.927415
695	0.927285	0.927285	0.927285	0.927285	0.927285	0.927285	0.927285	0.927285
690	0.927241	0.927241	0.927241	0.927241	0.927241	0.927241	0.927241	0.927241
685	0.927384	0.927384	0.927384	0.927384	0.927384	0.927384	0.927384	0.927384
680	0.927281	0.927281	0.927281	0.927281	0.927281	0.927281	0.927281	0.927281
675	0.927358	0.927358	0.927358	0.927358	0.927358	0.927358	0.927358	0.927358
670	0.92716	0.92716	0.92716	0.92716	0.92716	0.92716	0.92716	0.92716
665	0.927077	0.927077	0.927077	0.927077	0.927077	0.927077	0.927077	0.927077
660	0.927531	0.927531	0.927531	0.927531	0.927531	0.927531	0.927531	0.927531
655	0.927269	0.927269	0.927269	0.927269	0.927269	0.927269	0.927269	0.927269
650	0.927197	0.927197	0.927197	0.927197	0.927197	0.927197	0.927197	0.927197
645	0.927157	0.927157	0.927157	0.927157	0.927157	0.927157	0.927157	0.927157
640	0.927153	0.927153	0.927153	0.927153	0.927153	0.927153	0.927153	0.927153
635	0.926999	0.926999	0.926999	0.926999	0.926999	0.926999	0.926999	0.926999
630	0.926923	0.926923	0.926923	0.926923	0.926923	0.926923	0.926923	0.926923
625	0.926753	0.926753	0.926753	0.926753	0.926753	0.926753	0.926753	0.926753
620	0.926703	0.926703	0.926703	0.926703	0.926703	0.926703	0.926703	0.926703
615	0.926447	0.926447	0.926447	0.926447	0.926447	0.926447	0.926447	0.926447
610	0.926432	0.926432	0.926432	0.926432	0.926432	0.926432	0.926432	0.926432
605	0.926774	0.926774	0.926774	0.926774	0.926774	0.926774	0.926774	0.926774
600	0.926931	0.926931	0.926931	0.926931	0.926931	0.926931	0.926931	0.926931
595	0.926925	0.926925	0.926925	0.926925	0.926925	0.926925	0.926925	0.926925
590	0.927003	0.927003	0.927003	0.927003	0.927003	0.927003	0.927003	0.927003
585	0.926926	0.926926	0.926926	0.926926	0.926926	0.926926	0.926926	0.926926
580	0.926103	0.926103	0.926103	0.926103	0.926103	0.926103	0.926103	0.926103
575	0.926319	0.926319	0.926319	0.926319	0.926319	0.926319	0.926319	0.926319
570	0.926169	0.926169	0.926169	0.926169	0.926169	0.926169	0.926169	0.926169
565	0.925981	0.925981	0.925981	0.925981	0.925981	0.925981	0.925981	0.925981
560	0.926184	0.926184	0.926184	0.926184	0.926184	0.926184	0.926184	0.926184
555	0.926049	0.926049	0.926049	0.926049	0.926049	0.926049	0.926049	0.926049
550	0.925887	0.925887	0.925887	0.925887	0.925887	0.925887	0.925887	0.925887
545	0.925813	0.925813	0.925813	0.925813	0.925813	0.925813	0.925813	0.925813
540	0.925786	0.925786	0.925786	0.925786	0.925786	0.925786	0.925786	0.925786
535	0.925537	0.925537	0.925537	0.925537	0.925537	0.925537	0.925537	0.925537
530	0.925521	0.925521	0.925521	0.925521	0.925521	0.925521	0.925521	0.925521
525	0.925966	0.925966	0.925966	0.925966	0.925966	0.925966	0.925966	0.925966
520	0.925555	0.925555	0.925555	0.925555	0.925555	0.925555	0.925555	0.925555
515	0.925402	0.925402	0.925402	0.925402	0.925402	0.925402	0.925402	0.925402
510	0.925329	0.925329	0.925329	0.925329	0.925329	0.925329	0.925329	0.925329
505	0.924697	0.924697	0.924697	0.924697	0.924697	0.924697	0.924697	0.924697
500	0.924548	0.924548	0.924548	0.924548	0.924548	0.924548	0.924548	0.924548
495	0.924463	0.924463	0.924463	0.924463	0.924463	0.924463	0.924463	0.924463
490	0.924718	0.924718	0.924718	0.924718	0.924718	0.924718	0.924718	0.924718
485	0.924932	0.924932	0.924932	0.924932	0.924932	0.924932	0.924932	0.924932
480	0.924841	0.924841	0.924841	0.924841	0.924841	0.924841	0.924841	0.924841
475	0.924651	0.924651	0.924651	0.924651	0.924651	0.924651	0.924651	0.924651
470	0.925162	0.925162	0.925162	0.925162	0.925162	0.925162	0.925162	0.925162
465	0.924199	0.924199	0.924199	0.924199	0.924199	0.924199	0.924199	0.924199
460	0.92402	0.92402	0.92402	0.92402	0.92402	0.92402	0.92402	0.92402
455	0.92429	0.92429	0.92429	0.92429	0.92429	0.92429	0.92429	0.92429
450	0.923781	0.923781	0.923781	0.923781	0.923781	0.923781	0.923781	0.923781
445	0.924385	0.924385	0.924385	0.924385	0.924385	0.924385	0.924385	0.924385
440	0.924572	0.924572	0.924572	0.924572	0.924572	0.924572	0.924572	0.924572
435	0.924259	0.924259	0.924259	0.924259	0.924259	0.924259	0.924259	0.924259
430	0.924218	0.924218	0.924218	0.924218	0.924218	0.924218	0.924218	0.924218
425	0.923911	0.923911	0.923911	0.923911	0.923911	0.923911	0.923911	0.923911
420	0.923902	0.923902	0.923902	0.923902	0.923902	0.923902	0.923902	0.923902
415	0.923921	0.923921	0.923921	0.923921	0.923921	0.923921	0.923921	0.923921
410	0.923981	0.923981	0.923981	0.923981	0.923981	0.923981	0.923981	0.923981
405	0.92388	0.92388	0.92388	0.92388	0.92388	0.92388	0.92388	0.92388
400	0.924007	0.924007	0.924007	0.924007	0.924007	0.924007	0.924007	0.924007
395	0.923726	0.923726	0.923726	0.923726	0.923726	0.923726	0.923726	0.923726
390	0.924792	0.924792	0.924792	0.924792	0.924792	0.924792	0.924792	0.924792
385	0.92502	0.92502	0.92502	0.92502	0.92502	0.92502	0.92502	0.92502
380	0.924328	0.924328	0.924328	0.924328	0.924328	0.924328	0.924328	0.924328
375	0.924878	0.924878	0.924878	0.924878	0.924878	0.924878	0.924878	0.924878
370	0.926081	0.926081	0.926081	0.926081	0.926081	0.926081	0.926081	0.926081
365	0.923399	0.923399	0.923399	0.923399	0.923399	0.923399	0.923399	0.923399
360	0.923713	0.923713	0.923713	0.923713	0.923713	0.923713	0.923713	0.923713
355	0.923176	0.923176	0.923176	0.923176	0.923176	0.923176	0.923176	0.923176
350	0.922383	0.922383	0.922383	0.922383	0.922383	0.922383	0.922383	0.922383
345	0.922213	0.922213	0.922213	0.922213	0.922213	0.922213	0.922213	0.922213
340	0.921994	0.921994	0.921994	0.921994	0.921994	0.921994	0.921994	0.921994
335	0.924809	0.924809	0.924809	0.924809	0.924809	0.924809	0.924809	0.924809
330	0.923995	0.923995	0.923995	0.923995	0.923995	0.923995	0.923995	0.923995
325	0.924151	0.924151	0.924151	0.924151	0.924151	0.924151	0.924151	0.924151
320	0.924127	0.924127	0.924127	0.924127	0.924127	0.924127	0.924127	0.924127
315	0.923393	0.923393	0.923393	0.923393	0.923393	0.923393	0.923393	0.923393
310	0.923363	0.923363	0.923363	0.923363	0.923363	0.923363	0.923363	0.923363
305	0.923352	0.923352	0.923352	0.923352	0.923352	0.923352	0.923352	0.923352
300	0.922789	0.922789	0.922789	0.922789	0.922789	0.922789	0.922789	0.922789
295	0.923318	0.923318	0.923318	0.923318	0.923318	0.923318	0.923318	0.923318
290	0.923106	0.923106	0.923106	0.923106	0.923106	0.923106	0.923106	0.923106
285	0.923024	0.923024	0.923024	0.923024	0.923024	0.923024	0.923024	0.923024
280	0.922694	0.922694	0.922694	0.922694	0.922694	0.922694	0.922694	0.922694
275	0.92143	0.92143	0.92143	0.92143	0.92143	0.92143	0.92143	0.92143
270	0.919649	0.919649	0.919649	0.919649	0.919649	0.919649	0.919649	0.919649
265	0.914001	0.914001	0.914001	0.914001	0.914001	0.914001	0.914001	0.914001
260	0.899958	0.899958	0.899958	0.899958	0.899958	0.899958	0.899958	0.899958
255	0.872821	0.872821	0.872821	0.872821	0.872821	0.872821	0.872821	0.872821
250	0.836898	0.836898	0.836898	0.836898	0.836898	0.836898	0.836898	0.836898
245	0.802978	0.802978	0.802978	0.802978	0.802978	0.802978	0.802978	0.802978
240	0.78913	0.78913	0.78913	0.78913	0.78913	0.78913	0.78913	0.78913
235	0.795512	0.795512	0.795512	0.795512	0.795512	0.795512	0.795512	0.795512
230	0.793628	0.793628	0.793628	0.793628	0.793628	0.793628	0.793628	0.793628
225	0.757528	0.757528	0.757528	0.757528	0.757528	0.757528	0.757528	0.757528
220	0.66261	0.66261	0.66261	0.66261	0.66261	0.66261	0.66261	0.66261
215	0.523996	0.523996	0.523996	0.523996	0.523996	0.523996	0.523996	0.523996
210	0.40071	0.40071	0.40071	0.40071	0.40071	0.40071	0.40071	0.40071
205	0.315989	0.315989	0.315989	0.315989	0.315989	0.315989	0.315989	0.315989
200	0.282871	0.282871	0.282871	0.282871	0.282871	0.282871	0.282871	0.282871