280.000000 0.199412
285.000000 0.602588
290.000000 1.146068
295.000000 1.230775
300.000000 1.292774
305.000000 1.288795
310.000000 1.295657
315.000000 1.295495
320.000000 1.297112
325.000000 1.291917
330.000000 1.302161
335.000000 1.340441
340.000000 1.386522
345.000000 1.413791
350.000000 1.438768
355.000000 1.453033
360.000000 1.460610
365.000000 1.457972
370.000000 1.465856
375.000000 1.466930
380.000000 1.446203
385.000000 1.429714
390.000000 1.402795
395.000000 1.396500
400.000000 1.384812
405.000000 1.397778
410.000000 1.399380
415.000000 1.390072
420.000000 1.377900
425.000000 1.363345
430.000000 1.361713
435.000000 1.357500
440.000000 1.358517
445.000000 1.356952
450.000000 1.352321
455.000000 1.347721
460.000000 1.345170
465.000000 1.335492
470.000000 1.334932
475.000000 1.329796
480.000000 1.338316
485.000000 1.339758
490.000000 1.335993
495.000000 1.330105
500.000000 1.326232
505.000000 1.332349
510.000000 1.340722
515.000000 1.352088
520.000000 1.358741
525.000000 1.372981
530.000000 1.385364
535.000000 1.386899
540.000000 1.402372
545.000000 1.418138
550.000000 1.416708
555.000000 1.418326
560.000000 1.432232
565.000000 1.443816
570.000000 1.442679
575.000000 1.454977
580.000000 1.457535
585.000000 1.470714
590.000000 1.484537
595.000000 1.495373
600.000000 1.510459
605.000000 1.514427
610.000000 1.518617
615.000000 1.527065
620.000000 1.536034
625.000000 1.549885
630.000000 1.569345
635.000000 1.594938
640.000000 1.592405
645.000000 1.594610
650.000000 1.607718
655.000000 1.605310
660.000000 1.613475
665.000000 1.610290
670.000000 1.619030
675.000000 1.634077
680.000000 1.631181
685.000000 1.641301
690.000000 1.632167
695.000000 1.649483
700.000000 1.639912
