1000	0.9647795	0.9647795	0.9647795	0.9647795	0.9647795	0.9647795	0.9647795	0.9647795
995	0.96473	0.96473	0.96473	0.96473	0.96473	0.96473	0.96473	0.96473
990	0.9647595	0.9647595	0.9647595	0.9647595	0.9647595	0.9647595	0.9647595	0.9647595
985	0.964425	0.964425	0.964425	0.964425	0.964425	0.964425	0.964425	0.964425
980	0.9644285	0.9644285	0.9644285	0.9644285	0.9644285	0.9644285	0.9644285	0.9644285
975	0.9644105	0.9644105	0.9644105	0.9644105	0.9644105	0.9644105	0.9644105	0.9644105
970	0.9643305	0.9643305	0.9643305	0.9643305	0.9643305	0.9643305	0.9643305	0.9643305
965	0.9642935	0.9642935	0.9642935	0.9642935	0.9642935	0.9642935	0.9642935	0.9642935
960	0.964359	0.964359	0.964359	0.964359	0.964359	0.964359	0.964359	0.964359
955	0.964429	0.964429	0.964429	0.964429	0.964429	0.964429	0.964429	0.964429
950	0.9643295	0.9643295	0.9643295	0.9643295	0.9643295	0.9643295	0.9643295	0.9643295
945	0.9643065	0.9643065	0.9643065	0.9643065	0.9643065	0.9643065	0.9643065	0.9643065
940	0.964282	0.964282	0.964282	0.964282	0.964282	0.964282	0.964282	0.964282
935	0.964348	0.964348	0.964348	0.964348	0.964348	0.964348	0.964348	0.964348
930	0.964482	0.964482	0.964482	0.964482	0.964482	0.964482	0.964482	0.964482
925	0.9644835	0.9644835	0.9644835	0.9644835	0.9644835	0.9644835	0.9644835	0.9644835
920	0.964501	0.964501	0.964501	0.964501	0.964501	0.964501	0.964501	0.964501
915	0.9644395	0.9644395	0.9644395	0.9644395	0.9644395	0.9644395	0.9644395	0.9644395
910	0.964417	0.964417	0.964417	0.964417	0.964417	0.964417	0.964417	0.964417
905	0.964513	0.964513	0.964513	0.964513	0.964513	0.964513	0.964513	0.964513
900	0.9645425	0.9645425	0.9645425	0.9645425	0.9645425	0.9645425	0.9645425	0.9645425
895	0.9644305	0.9644305	0.9644305	0.9644305	0.9644305	0.9644305	0.9644305	0.9644305
890	0.9644025	0.9644025	0.9644025	0.9644025	0.9644025	0.9644025	0.9644025	0.9644025
885	0.96446	0.96446	0.96446	0.96446	0.96446	0.96446	0.96446	0.96446
880	0.964438	0.964438	0.964438	0.964438	0.964438	0.964438	0.964438	0.964438
875	0.9643895	0.9643895	0.9643895	0.9643895	0.9643895	0.9643895	0.9643895	0.9643895
870	0.964352	0.964352	0.964352	0.964352	0.964352	0.964352	0.964352	0.964352
865	0.964212	0.964212	0.964212	0.964212	0.964212	0.964212	0.964212	0.964212
860	0.964087	0.964087	0.964087	0.964087	0.964087	0.964087	0.964087	0.964087
855	0.963814	0.963814	0.963814	0.963814	0.963814	0.963814	0.963814	0.963814
850	0.964388	0.964388	0.964388	0.964388	0.964388	0.964388	0.964388	0.964388
845	0.9644285	0.9644285	0.9644285	0.9644285	0.9644285	0.9644285	0.9644285	0.9644285
840	0.964386	0.964386	0.964386	0.964386	0.964386	0.964386	0.964386	0.964386
835	0.964316	0.964316	0.964316	0.964316	0.964316	0.964316	0.964316	0.964316
830	0.964323	0.964323	0.964323	0.964323	0.964323	0.964323	0.964323	0.964323
825	0.964211	0.964211	0.964211	0.964211	0.964211	0.964211	0.964211	0.964211
820	0.9641265	0.9641265	0.9641265	0.9641265	0.9641265	0.9641265	0.9641265	0.9641265
815	0.9640035	0.9640035	0.9640035	0.9640035	0.9640035	0.9640035	0.9640035	0.9640035
810	0.963928	0.963928	0.963928	0.963928	0.963928	0.963928	0.963928	0.963928
805	0.9638625	0.9638625	0.9638625	0.9638625	0.9638625	0.9638625	0.9638625	0.9638625
800	0.9638875	0.9638875	0.9638875	0.9638875	0.9638875	0.9638875	0.9638875	0.9638875
795	0.963778	0.963778	0.963778	0.963778	0.963778	0.963778	0.963778	0.963778
790	0.9638655	0.9638655	0.9638655	0.9638655	0.9638655	0.9638655	0.9638655	0.9638655
785	0.963907	0.963907	0.963907	0.963907	0.963907	0.963907	0.963907	0.963907
780	0.9638925	0.9638925	0.9638925	0.9638925	0.9638925	0.9638925	0.9638925	0.9638925
775	0.9639545	0.9639545	0.9639545	0.9639545	0.9639545	0.9639545	0.9639545	0.9639545
770	0.9639295	0.9639295	0.9639295	0.9639295	0.9639295	0.9639295	0.9639295	0.9639295
765	0.9639315	0.9639315	0.9639315	0.9639315	0.9639315	0.9639315	0.9639315	0.9639315
760	0.963968	0.963968	0.963968	0.963968	0.963968	0.963968	0.963968	0.963968
755	0.963908	0.963908	0.963908	0.963908	0.963908	0.963908	0.963908	0.963908
750	0.964083	0.964083	0.964083	0.964083	0.964083	0.964083	0.964083	0.964083
745	0.963993	0.963993	0.963993	0.963993	0.963993	0.963993	0.963993	0.963993
740	0.963979	0.963979	0.963979	0.963979	0.963979	0.963979	0.963979	0.963979
735	0.963846	0.963846	0.963846	0.963846	0.963846	0.963846	0.963846	0.963846
730	0.963905	0.963905	0.963905	0.963905	0.963905	0.963905	0.963905	0.963905
725	0.9638035	0.9638035	0.9638035	0.9638035	0.9638035	0.9638035	0.9638035	0.9638035
720	0.96383	0.96383	0.96383	0.96383	0.96383	0.96383	0.96383	0.96383
715	0.96383	0.96383	0.96383	0.96383	0.96383	0.96383	0.96383	0.96383
710	0.9637775	0.9637775	0.9637775	0.9637775	0.9637775	0.9637775	0.9637775	0.9637775
705	0.9637075	0.9637075	0.9637075	0.9637075	0.9637075	0.9637075	0.9637075	0.9637075
700	0.9636425	0.9636425	0.9636425	0.9636425	0.9636425	0.9636425	0.9636425	0.9636425
695	0.9636205	0.9636205	0.9636205	0.9636205	0.9636205	0.9636205	0.9636205	0.9636205
690	0.963692	0.963692	0.963692	0.963692	0.963692	0.963692	0.963692	0.963692
685	0.9636405	0.9636405	0.9636405	0.9636405	0.9636405	0.9636405	0.9636405	0.9636405
680	0.963679	0.963679	0.963679	0.963679	0.963679	0.963679	0.963679	0.963679
675	0.96358	0.96358	0.96358	0.96358	0.96358	0.96358	0.96358	0.96358
670	0.9635385	0.9635385	0.9635385	0.9635385	0.9635385	0.9635385	0.9635385	0.9635385
665	0.9637655	0.9637655	0.9637655	0.9637655	0.9637655	0.9637655	0.9637655	0.9637655
660	0.9636345	0.9636345	0.9636345	0.9636345	0.9636345	0.9636345	0.9636345	0.9636345
655	0.9635985	0.9635985	0.9635985	0.9635985	0.9635985	0.9635985	0.9635985	0.9635985
650	0.96320725	0.96320725	0.96320725	0.96320725	0.96320725	0.96320725	0.96320725	0.96320725
645	0.962586625	0.962586625	0.962586625	0.962586625	0.962586625	0.962586625	0.962586625	0.962586625
640	0.961891	0.961891	0.961891	0.961891	0.961891	0.961891	0.961891	0.961891
635	0.961234375	0.961234375	0.961234375	0.961234375	0.961234375	0.961234375	0.961234375	0.961234375
630	0.96053075	0.96053075	0.96053075	0.96053075	0.96053075	0.96053075	0.96053075	0.96053075
625	0.959887125	0.959887125	0.959887125	0.959887125	0.959887125	0.959887125	0.959887125	0.959887125
620	0.9591405	0.9591405	0.9591405	0.9591405	0.9591405	0.9591405	0.9591405	0.9591405
615	0.958514375	0.958514375	0.958514375	0.958514375	0.958514375	0.958514375	0.958514375	0.958514375
610	0.95806675	0.95806675	0.95806675	0.95806675	0.95806675	0.95806675	0.95806675	0.95806675
605	0.957526625	0.957526625	0.957526625	0.957526625	0.957526625	0.957526625	0.957526625	0.957526625
600	0.956905	0.956905	0.956905	0.956905	0.956905	0.956905	0.956905	0.956905
595	0.956325375	0.956325375	0.956325375	0.956325375	0.956325375	0.956325375	0.956325375	0.956325375
590	0.95566825	0.95566825	0.95566825	0.95566825	0.95566825	0.95566825	0.95566825	0.95566825
585	0.954638125	0.954638125	0.954638125	0.954638125	0.954638125	0.954638125	0.954638125	0.954638125
580	0.9541275	0.9541275	0.9541275	0.9541275	0.9541275	0.9541275	0.9541275	0.9541275
575	0.953433875	0.953433875	0.953433875	0.953433875	0.953433875	0.953433875	0.953433875	0.953433875
570	0.95272125	0.95272125	0.95272125	0.95272125	0.95272125	0.95272125	0.95272125	0.95272125
565	0.952204125	0.952204125	0.952204125	0.952204125	0.952204125	0.952204125	0.952204125	0.952204125
560	0.951518	0.951518	0.951518	0.951518	0.951518	0.951518	0.951518	0.951518
555	0.950818375	0.950818375	0.950818375	0.950818375	0.950818375	0.950818375	0.950818375	0.950818375
550	0.95016275	0.95016275	0.95016275	0.95016275	0.95016275	0.95016275	0.95016275	0.95016275
545	0.949530625	0.949530625	0.949530625	0.949530625	0.949530625	0.949530625	0.949530625	0.949530625
540	0.972038	0.972038	0.972038	0.972038	0.972038	0.972038	0.972038	0.972038
535	0.97080075	0.97080075	0.97080075	0.97080075	0.97080075	0.97080075	0.97080075	0.97080075
530	0.9695635	0.9695635	0.9695635	0.9695635	0.9695635	0.9695635	0.9695635	0.9695635
525	0.96832625	0.96832625	0.96832625	0.96832625	0.96832625	0.96832625	0.96832625	0.96832625
520	0.967089	0.967089	0.967089	0.967089	0.967089	0.967089	0.967089	0.967089
515	0.96585175	0.96585175	0.96585175	0.96585175	0.96585175	0.96585175	0.96585175	0.96585175
510	0.9646145	0.9646145	0.9646145	0.9646145	0.9646145	0.9646145	0.9646145	0.9646145
505	0.96337725	0.96337725	0.96337725	0.96337725	0.96337725	0.96337725	0.96337725	0.96337725
500	0.96214	0.96214	0.96214	0.96214	0.96214	0.96214	0.96214	0.96214
495	0.962849632	0.962849632	0.962849632	0.962849632	0.962849632	0.962849632	0.962849632	0.962849632
490	0.963559263	0.963559263	0.963559263	0.963559263	0.963559263	0.963559263	0.963559263	0.963559263
485	0.964268895	0.964268895	0.964268895	0.964268895	0.964268895	0.964268895	0.964268895	0.964268895
480	0.964978526	0.964978526	0.964978526	0.964978526	0.964978526	0.964978526	0.964978526	0.964978526
475	0.965688158	0.965688158	0.965688158	0.965688158	0.965688158	0.965688158	0.965688158	0.965688158
470	0.966397789	0.966397789	0.966397789	0.966397789	0.966397789	0.966397789	0.966397789	0.966397789
465	0.967107421	0.967107421	0.967107421	0.967107421	0.967107421	0.967107421	0.967107421	0.967107421
460	0.967817053	0.967817053	0.967817053	0.967817053	0.967817053	0.967817053	0.967817053	0.967817053
455	0.968526684	0.968526684	0.968526684	0.968526684	0.968526684	0.968526684	0.968526684	0.968526684
450	0.969236316	0.969236316	0.969236316	0.969236316	0.969236316	0.969236316	0.969236316	0.969236316
445	0.969945947	0.969945947	0.969945947	0.969945947	0.969945947	0.969945947	0.969945947	0.969945947
440	0.970655579	0.970655579	0.970655579	0.970655579	0.970655579	0.970655579	0.970655579	0.970655579
435	0.971365211	0.971365211	0.971365211	0.971365211	0.971365211	0.971365211	0.971365211	0.971365211
430	0.972074842	0.972074842	0.972074842	0.972074842	0.972074842	0.972074842	0.972074842	0.972074842
425	0.972784474	0.972784474	0.972784474	0.972784474	0.972784474	0.972784474	0.972784474	0.972784474
420	0.973494105	0.973494105	0.973494105	0.973494105	0.973494105	0.973494105	0.973494105	0.973494105
415	0.974203737	0.974203737	0.974203737	0.974203737	0.974203737	0.974203737	0.974203737	0.974203737
410	0.974913368	0.974913368	0.974913368	0.974913368	0.974913368	0.974913368	0.974913368	0.974913368
405	0.975623	0.975623	0.975623	0.975623	0.975623	0.975623	0.975623	0.975623
400	0.976085	0.976085	0.976085	0.976085	0.976085	0.976085	0.976085	0.976085
395	0.976547	0.976547	0.976547	0.976547	0.976547	0.976547	0.976547	0.976547
390	0.977009	0.977009	0.977009	0.977009	0.977009	0.977009	0.977009	0.977009
385	0.977471	0.977471	0.977471	0.977471	0.977471	0.977471	0.977471	0.977471
380	0.977933	0.977933	0.977933	0.977933	0.977933	0.977933	0.977933	0.977933
375	0.978395	0.978395	0.978395	0.978395	0.978395	0.978395	0.978395	0.978395
370	0.978857	0.978857	0.978857	0.978857	0.978857	0.978857	0.978857	0.978857
365	0.979319	0.979319	0.979319	0.979319	0.979319	0.979319	0.979319	0.979319
360	0.979781	0.979781	0.979781	0.979781	0.979781	0.979781	0.979781	0.979781
355	0.972123	0.972123	0.972123	0.972123	0.972123	0.972123	0.972123	0.972123
350	0.964465	0.964465	0.964465	0.964465	0.964465	0.964465	0.964465	0.964465
345	0.96891	0.96891	0.96891	0.96891	0.96891	0.96891	0.96891	0.96891
340	0.973355	0.973355	0.973355	0.973355	0.973355	0.973355	0.973355	0.973355
335	0.972394667	0.972394667	0.972394667	0.972394667	0.972394667	0.972394667	0.972394667	0.972394667
330	0.971434333	0.971434333	0.971434333	0.971434333	0.971434333	0.971434333	0.971434333	0.971434333
325	0.970474	0.970474	0.970474	0.970474	0.970474	0.970474	0.970474	0.970474
320	0.965954333	0.965954333	0.965954333	0.965954333	0.965954333	0.965954333	0.965954333	0.965954333
315	0.961434667	0.961434667	0.961434667	0.961434667	0.961434667	0.961434667	0.961434667	0.961434667
310	0.956915	0.956915	0.956915	0.956915	0.956915	0.956915	0.956915	0.956915
305	0.937873667	0.937873667	0.937873667	0.937873667	0.937873667	0.937873667	0.937873667	0.937873667
300	0.935332333	0.935332333	0.935332333	0.935332333	0.935332333	0.935332333	0.935332333	0.935332333
295	0.933337	0.933337	0.933337	0.933337	0.933337	0.933337	0.933337	0.933337
290	0.930971167	0.930971167	0.930971167	0.930971167	0.930971167	0.930971167	0.930971167	0.930971167
285	0.928670333	0.928670333	0.928670333	0.928670333	0.928670333	0.928670333	0.928670333	0.928670333
280	0.9262455	0.9262455	0.9262455	0.9262455	0.9262455	0.9262455	0.9262455	0.9262455
275	0.923353667	0.923353667	0.923353667	0.923353667	0.923353667	0.923353667	0.923353667	0.923353667
270	0.920203333	0.920203333	0.920203333	0.920203333	0.920203333	0.920203333	0.920203333	0.920203333
265	0.9151195	0.9151195	0.9151195	0.9151195	0.9151195	0.9151195	0.9151195	0.9151195
260	0.905838167	0.905838167	0.905838167	0.905838167	0.905838167	0.905838167	0.905838167	0.905838167
255	0.890009833	0.890009833	0.890009833	0.890009833	0.890009833	0.890009833	0.890009833	0.890009833
250	0.8697885	0.8697885	0.8697885	0.8697885	0.8697885	0.8697885	0.8697885	0.8697885
245	0.850568667	0.850568667	0.850568667	0.850568667	0.850568667	0.850568667	0.850568667	0.850568667
240	0.841384833	0.841384833	0.841384833	0.841384833	0.841384833	0.841384833	0.841384833	0.841384833
235	0.842316	0.842316	0.842316	0.842316	0.842316	0.842316	0.842316	0.842316
230	0.839114167	0.839114167	0.839114167	0.839114167	0.839114167	0.839114167	0.839114167	0.839114167
225	0.818804333	0.818804333	0.818804333	0.818804333	0.818804333	0.818804333	0.818804333	0.818804333
220	0.7690855	0.7690855	0.7690855	0.7690855	0.7690855	0.7690855	0.7690855	0.7690855
215	0.697518667	0.697518667	0.697518667	0.697518667	0.697518667	0.697518667	0.697518667	0.697518667
210	0.633615833	0.633615833	0.633615833	0.633615833	0.633615833	0.633615833	0.633615833	0.633615833
205	0.5889955	0.5889955	0.5889955	0.5889955	0.5889955	0.5889955	0.5889955	0.5889955
200	0.570176667	0.570176667	0.570176667	0.570176667	0.570176667	0.570176667	0.570176667	0.570176667

